0.0000 0.4384 0.0000 0.0000 0.0000 0.5616
1.0000 0.4384 0.0000 0.0000 0.0000 0.5616
2.0000 0.4409 0.0000 0.0000 0.0000 0.5591
3.0000 0.4435 0.0000 0.0000 0.0000 0.5565
4.0000 0.4451 0.0000 0.0000 0.0000 0.5549
5.0000 0.4483 0.0000 0.0000 0.0000 0.5517
6.0000 0.4510 0.0000 0.0000 0.0000 0.5490
7.0000 0.4528 0.0000 0.0000 0.0000 0.5472
8.0000 0.4550 0.0000 0.0000 0.0000 0.5450
9.0000 0.4570 0.0000 0.0000 0.0000 0.5430
10.0000 0.4590 0.0000 0.0000 0.0000 0.5410
11.0000 0.4609 0.0000 0.0000 0.0000 0.5391
12.0000 0.4627 0.0000 0.0000 0.0000 0.5373
13.0000 0.4644 0.0000 0.0000 0.0000 0.5356
14.0000 0.4659 0.0000 0.0000 0.0000 0.5341
15.0000 0.4675 0.0000 0.0000 0.0000 0.5325
16.0000 0.4688 0.0000 0.0000 0.0000 0.5312
17.0000 0.4702 0.0000 0.0000 0.0000 0.5298
18.0000 0.4715 0.0000 0.0000 0.0000 0.5285
19.0000 0.4728 0.0000 0.0000 0.0000 0.5272
20.0000 0.4740 0.0000 0.0000 0.0000 0.5260
21.0000 0.4748 0.0000 0.0000 0.0000 0.5252
22.0000 0.4761 0.0000 0.0000 0.0000 0.5239
23.0000 0.4771 0.0000 0.0000 0.0000 0.5229
24.0000 0.4780 0.0000 0.0000 0.0000 0.5220
25.0000 0.4789 0.0000 0.0000 0.0000 0.5211
26.0000 0.4797 0.0000 0.0000 0.0000 0.5203
27.0000 0.4805 0.0000 0.0000 0.0000 0.5195
28.0000 0.4812 0.0000 0.0000 0.0000 0.5188
29.0000 0.4819 0.0000 0.0000 0.0000 0.5181
30.0000 0.4825 0.0000 0.0000 0.0000 0.5175
31.0000 0.4830 0.0000 0.0000 0.0000 0.5170
32.0000 0.4835 0.0000 0.0000 0.0000 0.5165
33.0000 0.4840 0.0000 0.0000 0.0000 0.5160
34.0000 0.4845 0.0000 0.0000 0.0000 0.5155
35.0000 0.4848 0.0000 0.0000 0.0000 0.5152
36.0000 0.4851 0.0000 0.0000 0.0000 0.5149
37.0000 0.4854 0.0000 0.0000 0.0000 0.5146
38.0000 0.4857 0.0000 0.0000 0.0000 0.5143
39.0000 0.4859 0.0000 0.0000 0.0000 0.5141
40.0000 0.4861 0.0000 0.0000 0.0000 0.5139
41.0000 0.4860 0.0000 0.0000 0.0000 0.5140
42.0000 0.4864 0.0000 0.0000 0.0000 0.5136
43.0000 0.4865 0.0000 0.0000 0.0000 0.5135
44.0000 0.4865 0.0000 0.0000 0.0000 0.5135
45.0000 0.4865 0.0000 0.0000 0.0000 0.5135
46.0000 0.4865 0.0000 0.0000 0.0000 0.5135
47.0000 0.4865 0.0000 0.0000 0.0000 0.5135
48.0000 0.4864 0.0000 0.0000 0.0000 0.5136
49.0000 0.4860 0.0000 0.0000 0.0000 0.5140
50.0000 0.4859 0.0000 0.0000 0.0000 0.5141
51.0000 0.4860 0.0000 0.0000 0.0000 0.5140
52.0000 0.4858 0.0000 0.0000 0.0000 0.5142
53.0000 0.4856 0.0000 0.0000 0.0000 0.5144
54.0000 0.4854 0.0000 0.0000 0.0000 0.5146
55.0000 0.4852 0.0000 0.0000 0.0000 0.5148
56.0000 0.4849 0.0000 0.0000 0.0000 0.5151
57.0000 0.4846 0.0000 0.0000 0.0000 0.5154
58.0000 0.4843 0.0000 0.0000 0.0000 0.5157
59.0000 0.4839 0.0000 0.0000 0.0000 0.5161
60.0000 0.4831 0.0000 0.0000 0.0000 0.5169
61.0000 0.4827 0.0000 0.0000 0.0000 0.5173
62.0000 0.4823 0.0000 0.0000 0.0000 0.5177
63.0000 0.4823 0.0000 0.0000 0.0000 0.5177
64.0000 0.4814 0.0000 0.0000 0.0000 0.5186
65.0000 0.4809 0.0000 0.0000 0.0000 0.5191
66.0000 0.4804 0.0000 0.0000 0.0000 0.5196
67.0000 0.4799 0.0000 0.0000 0.0000 0.5201
68.0000 0.4798 0.0000 0.0000 0.0000 0.5202
69.0000 0.4793 0.0000 0.0000 0.0000 0.5207
70.0000 0.4787 0.0000 0.0000 0.0000 0.5213
71.0000 0.4781 0.0000 0.0000 0.0000 0.5219
72.0000 0.4775 0.0000 0.0000 0.0000 0.5225
73.0000 0.4769 0.0000 0.0000 0.0000 0.5231
74.0000 0.4763 0.0000 0.0000 0.0000 0.5237
75.0000 0.4757 0.0000 0.0000 0.0000 0.5243
76.0000 0.4750 0.0000 0.0000 0.0000 0.5250
77.0000 0.4744 0.0000 0.0000 0.0000 0.5256
78.0000 0.4736 0.0000 0.0000 0.0000 0.5264
79.0000 0.4720 0.0000 0.0000 0.0000 0.5280
80.0000 0.4713 0.0000 0.0000 0.0000 0.5287
81.0000 0.4705 0.0000 0.0000 0.0000 0.5295
82.0000 0.4697 0.0000 0.0000 0.0000 0.5303
83.0000 0.4689 0.0000 0.0000 0.0000 0.5311
84.0000 0.4681 0.0000 0.0000 0.0000 0.5319
85.0000 0.4672 0.0000 0.0000 0.0000 0.5328
86.0000 0.4664 0.0000 0.0000 0.0000 0.5336
87.0000 0.4655 0.0000 0.0000 0.0000 0.5345
88.0000 0.4647 0.0000 0.0000 0.0000 0.5353
89.0000 0.4651 0.0000 0.0000 0.0000 0.5349
90.0000 0.4639 0.0000 0.0000 0.0000 0.5361
91.0000 0.4631 0.0000 0.0000 0.0000 0.5369
92.0000 0.4622 0.0000 0.0000 0.0000 0.5378
93.0000 0.4611 0.0000 0.0000 0.0000 0.5389
94.0000 0.4588 0.0000 0.0000 0.0000 0.5412
95.0000 0.4595 0.0000 0.0000 0.0000 0.5405
96.0000 0.4584 0.0000 0.0000 0.0000 0.5416
97.0000 0.4556 0.0000 0.0000 0.0000 0.5444
98.0000 0.4545 0.0000 0.0000 0.0000 0.5455
99.0000 0.4556 0.0000 0.0000 0.0000 0.5444
